20240174789
11993759
11993729
11993760
11992012
11987738
11986798
11981619
11981793
11980218
11982395
11984578
11981768
20240148108
11976089
11976030
11976168
20240141093
11969753
11970568
11970647
11971706
11965171
11964449
11965093
11958823
11958992
11958810
11958267
11958215
20240117233
11952456
11952551
11954153
20240110088
11945949
11945904
11945254
11946168
11945767
20240101919
20240101823
20240104620
11939587
11942634
11939708
11939469
11939470
11930813
11930814
11933552
11936002
11932819
20240084084
20240084208
20240084085
20240085885
11926918
11926715
11926639
20240075771
11920013
11918672
11920000
11920104
11920034
11912950
11913054
11911249
11913048
11913011
11913168
11912867
11914629
11905538
11904290
11904279
11897778
11898075
11897847
11897908
11897909
11897861
11897169
11897995
20240047803
11890793
11891471
11891519
20240034941
20240034857
11883848
11884554
11884846
11884611
11884768
20240026061
11882629
11878392
11879108
11872728
11873638
20240013128
20240009710
11866714
20240002621
20240002740
20240002739
20240002609
11856949
11859068
11859042
11859059
11862795
11859062
20230416628
20230416627
11850579
11851523
11850578
20230407050
20230406968
11847997
11845845
11846645
11840771
11839214
11840680
20230383084
11826723
11821143
20230365783
20230365726
11813589
11814469
11814558
11814344
11813826
11807709
11806965
20230348657
11802191
20230340205
11793742
11793175
11795343
11795414
11788094
11787093
11787920
11787892
11787984
11787897
11786887
11788024
11787983
20230323013
11780964
11780802
11781015
11781088
11773277
11773231
11772309
20230305519
11766044
11767338
11766653
11766089
11759983
11752702
11753364
11752700
11745444
20230272171
11737961
11739235
11737463
11739167
11742197
11739052
11739475
11739282
20230264212
11732281
11732250
11725338
11723365
11725075
11723871
11725117
11725102
20230250219
20230250220
11713369
11712679
11713393
11708316
20230227316
20230227706
11702580
20230219473
11699117
11696533
11697716
11697738
11697641
11697102
11691115
11691355
11692078
11691932
11685832
11685696
11685759
11680142
11674015
11673854
11674048
11673874
11672267
11666050
11667569
11666012
11666052
11666053
11667864
20230167381
11659837
11655228
11655229
11655667
11657894
11647746
11649346
11647751
11649396
11649197
11649411
20230145157
11643561
11643557
11642666
11643491
11643523
20230131631
11634654
11634642
11634515
11634516
11634442
11634698
11629206
11629205
11629226
11623781
11624003
11624153
11623868
11623979
20230108069
11617709
11618725
20230094796
11613620
11613681
11612897
11613074
11613644
11613549
11613524
11613686
20230087981
11609000
11608408
11608468
11608393
20230073963
11597695
11597799
11591424
11591335
11591432
11589591
11593897
11591543
11591312
11591545
11591293
11585004
11584689
11584874
11579098
11578149
11578167
11578012
11578083
11577486
11578219
11570992
11572330
11572323
20230036985
11565442
11566196
11566425
20230023694
20230025840
11559973
11560456
11560577
11560537
11560450
11560446
11555117
11554964
20230010059
11548965
11547981
20230002582
20230002421
11541625
11542170
11540513
11542519
11542386
11542361
11542356
11542230
11542280
11542200
11542221
11542487
11542217
20220415297
20220409776
11535946
11535697
11535719
20220402871
20220403295
11529618
11530292
11529616
11529607
11530427
11530325
20220397334
20220387954
20220388206
11518965
11518907
11518749
11517871
11518752
11515525
11512046
11512054
11512268
11512904
11512040
11505690
11505662
11505636
11505865
11505562
11505511
20220363827
20220364622
11499162
11499028
11498997
11498885
11502296
11498986
11499021
20220354213
11492501
11491090
11496223
11492462
11492324
11492489
11490617
11491463
20220348951
20220352721
20220349078
20220349119
11486049
11485703
20220341658
11479635
11477985
11479619
11479688
11478999
11479522
11479786
20220332017
11472152
11471706
11471849
20220325032
11458665
11458433
11459665
11462732
11459281
20220306960
11452995
11456448
11453645
11453836
11447791
11447596
11447713
11447439
20220289697
20220289928
20220289893
11441147
11440231
11441036
11439995
11439996
11444326
11440861
11440876
11434587
11434220
11434379
11425909
11427728
11425910
11427672
11425902
11427667
20220267553
20220267293
11419811
11419804
11419337
11420874
11421191
20220259382
11414449
11414543
11414438
11413610
11414531
20220255188
11407700
11401399
11401363
11400326
11401382
11400437
11401412
11404723
11401413
11399543
11401365
11401373
11401417
11401227
20220235479
11396487
11396573
20220228280
11389387
11390713
11388901
11394026
11389384
11390794
11390578
20220220401
20220220254
11384033
11382854
11387108
11384037
11384177
11384207
20220213266
11375713
11377517
11375712
11377625
11377574
11377748
11377624
11380880
11377566
11377454
11377552
20220204715
11369919
11373288
