20240142042
11964293
11946584
11933408
11885450
11867344
11821569
11806920
11795421
11745207
11698161
11692654
11688024
20230142405
11576012
11534849
11511290
11505354
11408515
11408695
11376621
20220159418
20220144756
11325147
11277714
11255651
11171941
11154882
11126208
11122034
11090671
11085568
11045823
11040358
11020756
11002394
10995812
10969804
10909640
10906122
10906052
10894296
10864534
10848485
10828688
10815223
20200319158
10796386
10716295
10697346
10689353
10660806
10631476
10591206
20200062722
10570160
10564014
10562056
10538715
10508751
20190364842
10487899
10465121
20190318644
20190314850
10442621
10416689
10415560
10406591
10399108
10401877
10350502
20190211004
10346930
10329991
10288203
10288278
10279415
10265796
10239066
10194598
10182952
20190020341
20190017204
10177709
10145113
20180327431
10107342
10100866
20180264581
10010922
9995352
9974287
9971361
9959787
20180064892
20180025345
20170314545
9795090
20170265427
20170265426
9738259
9710483
9694409
20170175938
9657790
9655312
9630044
9623969
9587687
20170063302
9534619
20160289567
9403177
9403176
9387494
9367070
20160115410
9283577
9272784
9255139
9232702
20160002553
9216427
9198675
9194556
